0.000000 0.000000
0.050000 0.000000
0.100000 0.000000
0.150000 0.000000
0.200000 0.000000
0.250000 0.000000
0.300000 0.000000
0.350000 -0.026987
0.400000 -0.271139
0.450000 -0.515291
0.500000 -0.722151
0.550000 -0.820482
0.600000 -0.907204
0.650000 -0.829036
0.700000 -0.749424
0.750000 -0.662780
0.800000 -0.575293
0.850000 -0.490845
0.900000 -0.413708
0.950000 -0.347966
1.000000 -0.292486
1.050000 -0.242646
1.100000 -0.191963
1.150000 -0.134659
1.200000 -0.067808
1.250000 0.004466
1.300000 0.073148
1.350000 0.126150
1.400000 0.154205
1.450000 0.164314
1.500000 0.156104
1.550000 0.143429
1.600000 0.135881
1.650000 0.135359
1.700000 0.142083
1.750000 0.145821
1.800000 0.139209
1.850000 0.128836
1.900000 0.111026
1.950000 0.095315
2.000000 0.080878
2.050000 0.066890
2.100000 0.061738
2.150000 0.062392
2.200000 0.071368
2.250000 0.084621
2.300000 0.097251
2.350000 0.101257
2.400000 0.091555
2.450000 0.071175
2.500000 0.044920
2.550000 0.019268
2.600000 -0.003978
2.650000 -0.029114
2.700000 -0.052704
2.750000 -0.071784
2.800000 -0.091530
2.850000 -0.114111
2.900000 -0.132690
2.950000 -0.144387
3.000000 -0.149688
3.050000 -0.149468
3.100000 -0.145829
3.150000 -0.138890
3.200000 -0.129257
3.250000 -0.120285
3.300000 -0.109404
3.350000 -0.091455
3.400000 -0.067327
3.450000 -0.036542
3.500000 -0.006856
3.550000 0.024498
3.600000 0.055881
3.650000 0.076009
3.700000 0.089086
3.750000 0.098009
3.800000 0.101180
3.850000 0.099800
3.900000 0.095521
3.950000 0.090034
4.000000 0.084155
4.050000 0.079187
4.100000 0.075704
4.150000 0.067845
4.200000 0.058355
4.250000 0.047404
4.300000 0.036498
4.350000 0.026415
4.400000 0.014462
4.450000 0.003414
4.500000 -0.007967
4.550000 -0.018891
4.600000 -0.026223
4.650000 -0.030188
4.700000 -0.032466
4.750000 -0.033763
4.800000 -0.032704
4.850000 -0.029460
4.900000 -0.023313
4.950000 -0.016213
5.000000 -0.010186
5.050000 -0.006587
5.100000 -0.005155
5.150000 -0.005963
5.200000 -0.009294
5.250000 -0.013004
5.300000 -0.015269
5.350000 -0.014913
5.400000 -0.013331
5.450000 -0.011826
5.500000 -0.011818
5.550000 -0.014684
5.600000 -0.019821
5.650000 -0.025053
5.700000 -0.028170
5.750000 -0.028609
5.800000 -0.026696
5.850000 -0.021780
5.900000 -0.013678
5.950000 -0.005808
6.000000 0.001219
6.050000 0.007733
6.100000 0.012725
6.150000 0.014416
6.200000 0.014884
6.250000 0.017505
6.300000 0.022138
6.350000 0.026218
6.400000 0.028522
6.450000 0.028849
6.500000 0.027282
6.550000 0.024395
6.600000 0.021375
6.650000 0.018478
6.700000 0.014985
6.750000 0.010700
6.800000 0.005117
6.850000 -0.000517
6.900000 -0.006503
6.950000 -0.012404
7.000000 -0.017704
7.050000 -0.022955
7.100000 -0.026920
7.150000 -0.028627
7.200000 -0.026946
7.250000 -0.022025
7.300000 -0.015623
7.350000 -0.008429
7.400000 -0.000794
7.450000 0.006364
7.500000 0.012323
7.550000 0.016237
7.600000 0.017420
7.650000 0.016221
7.700000 0.013534
7.750000 0.011364
7.800000 0.009223
7.850000 0.006806
7.900000 0.003839
7.950000 0.000373
8.000000 -0.002915
8.050000 -0.005921
8.100000 -0.007598
8.150000 -0.008186
8.200000 -0.008710
8.250000 -0.009259
8.300000 -0.009740
8.350000 -0.009666
8.400000 -0.008090
8.450000 -0.004881
8.500000 -0.000615
8.550000 0.004184
8.600000 0.008050
8.650000 0.010931
8.700000 0.012740
8.750000 0.013228
8.800000 0.012650
8.850000 0.010912
8.900000 0.008217
8.950000 0.005278
9.000000 0.001982
9.050000 -0.001301
9.100000 -0.004612
9.150000 -0.007212
9.200000 -0.008665
9.250000 -0.009030
9.300000 -0.008690
9.350000 -0.007313
9.400000 -0.005617
9.450000 -0.004189
9.500000 -0.002946
9.550000 -0.001344
9.600000 0.000508
9.650000 0.001848
9.700000 0.002448
9.750000 0.002543
9.800000 0.002149
9.850000 0.001637
9.900000 0.001113
9.950000 0.000807
10.000000 0.000403
10.050000 -0.000061
10.100000 -0.000489
10.150000 -0.000678
10.200000 -0.000689
10.250000 -0.000537
10.300000 -0.000476
10.350000 -0.000583
10.400000 -0.000452
10.450000 -0.000120
10.500000 0.000088
10.550000 0.000352
10.600000 0.000455
10.650000 0.000483
10.700000 0.000347
10.750000 0.000310
10.800000 0.000406
10.850000 0.000368
10.900000 0.000216
10.950000 0.000097
11.000000 0.000032
11.050000 -0.000089
11.100000 -0.000231
11.150000 -0.000496
11.200000 -0.000720
11.250000 -0.000888
11.300000 -0.000745
11.350000 -0.000197
11.400000 0.000614
11.450000 0.001305
11.500000 0.001540
11.550000 0.001284
11.600000 0.000637
11.650000 -0.000047
11.700000 -0.000563
11.750000 -0.001011
11.800000 -0.001054
11.850000 -0.001060
11.900000 -0.001021
11.950000 -0.001095
12.000000 -0.001037
12.050000 -0.000755
12.100000 -0.000493
12.150000 -0.000230
12.200000 0.000179
12.250000 0.000583
12.300000 0.001025
12.350000 0.001344
12.400000 0.001523
12.450000 0.001518
12.500000 0.001450
12.550000 0.001211
12.600000 0.001082
12.650000 0.000892
12.700000 0.000683
12.750000 0.000416
12.800000 0.000230
12.850000 -0.000054
12.900000 -0.000230
12.950000 -0.000507
13.000000 -0.000742
13.050000 -0.000770
13.100000 -0.000676
13.150000 -0.000520
13.200000 -0.000332
13.250000 -0.000241
13.300000 -0.000114
13.350000 -0.000012
13.400000 0.000070
13.450000 0.000087
13.500000 0.000146
13.550000 0.000104
13.600000 0.000064
13.650000 0.000026
13.700000 -0.000021
13.750000 -0.000049
13.800000 -0.000052
13.850000 -0.000142
13.900000 -0.000202
13.950000 -0.000319
14.000000 -0.000419
14.050000 -0.000390
14.100000 -0.000334
14.150000 -0.000243
14.200000 -0.000206
14.250000 -0.000151
14.300000 -0.000127
14.350000 -0.000124
14.400000 -0.000091
14.450000 -0.000099
14.500000 -0.000036
14.550000 -0.000030
14.600000 -0.000043
14.650000 0.000014
14.700000 0.000075
14.750000 0.000142
14.800000 0.000237
14.850000 0.000262
14.900000 0.000253
14.950000 0.000222
15.000000 0.000178
15.050000 0.000122
